16 8  9  0  0  1  4  0  0  5  3  0  0  6  2  7
0  0  6  3  8  0  2  7  11 1  0  4  13 10 0  0
0  0  7  0  15 0  0  12 8  0  0  6  0  14 0  0
0  0  1  0  3  0  0  5  14 0  0  2  0  4  0  0
0  0  4  5  1  0  0  8  9  0  0  7  2  3  0  0
0  0  0  0  0  0  3  6  4  10 0  0  0  0  0  0
1  0  0  0  0  11 0  0  0  0  2  0  0  0  0  9
0  12 0  0  2  0  0  4  1  0  0  3  0  0  8  0
0  0  2  0  14 4  7  9  3  8  5  13 0  12 0  0
0  0  0  9  0  0  6  0  0  11 0  0  1  0  0  0
4  6  3  0  10 0  8  0  0  2  0  1  0  11 5  13
8  0  5  7  0  2  1  11 10 14 6  0  3  9  0  4
3  5  0  2  0  8  0  0  0  0  7  0  16 0  6  14
0  7  13 0  0  0  5  3  6  4  0  0  0  2  1  0
0  0  0  1  6  14 0  10 2  0  8  15 4  0  0  0
0  0  11 4  0  0  0  2  5  0  0  0  8  13 0  0
