0  12 0  10 0  13 0  7  0  11 0  0  8  0  0  23 0  21 0  14 0  15 0  9  0
0  22 11 25 0  1  0  15 0  18 0  0  6  0  0  8  0  12 0  4  0  5  21 17 0
1  0  0  0  8  0  0  10 0  0  24 7  0  4  25 0  0  5  0  0  11 0  0  0  2
18 0  7  0  6  0  22 0  2  0  0  5  0  9  0  0  13 0  16 0  20 0  10 0  24
0  4  0  23 0  5  0  24 0  3  0  0  21 0  0  11 0  22 0  25 0  13 0  7  0
19 0  0  0  1  0  14 11 24 0  15 0  0  0  16 0  8  9  13 0  4  0  0  0  6
0  0  13 0  0  15 0  12 0  4  25 0  10 0  23 5  0  24 0  2  0  0  7  0  0
11 23 0  9  20 21 5  0  18 22 0  14 0  7  0  15 19 0  25 6  17 12 0  3  8
15 0  18 0  21 0  0  19 0  0  5  0  11 0  22 0  0  4  0  0  24 0  20 0  10
0  25 0  24 17 0  10 0  3  0  21 0  0  0  6  0  20 0  11 0  19 1  0  5  0
10 0  0  0  11 9  17 0  4  0  0  21 0  6  0  0  12 0  22 16 18 0  0  0  23
0  14 0  18 0  10 0  1  0  5  17 0  20 0  3  9  0  25 0  23 0  11 0  6  0
13 0  0  0  3  0  0  16 0  0  10 1  0  2  14 0  0  18 24 0  8  0  0  0  22
0  5  12 6  0  11 0  18 0  8  0  0  16 0  0  10 0  2  0  19 0  3  14 20 0
16 0  0  0  25 0  19 0  23 0  11 0  4  0  18 0  14 0  20 0  5  0  0  0  1
0  21 1  14 0  24 0  0  0  17 0  10 9  5  0  6  0  0  0  13 0  19 18 2  0
12 0  0  15 18 0  4  6  1  0  16 0  2  0  21 0  25 11 5  0  7  22 0  0  13
0  10 19 17 0  16 0  0  0  12 7  18 0  1  13 2  0  0  0  15 0  24 11 21 0
25 0  0  0  22 7  0  5  0  10 0  23 0  20 0  18 0  1  0  17 12 0  0  0  15
0  24 0  16 0  0  3  0  8  0  4  0  22 0  15 0  7  0  12 0  0  17 0  1  0 
4  0  0  0  15 3  0  21 0  14 0  11 19 8  0  22 0  13 0  24 2  0  0  0  7
8  19 0  20 10 0  16 0  5  0  23 0  0  0  9  0  2  0  14 0  22 18 0  11 3
23 0  0  11 12 0  18 8  10 0  2  25 0  24 20 0  9  7  6  0  13 14 0  0  21
0  7  22 3  0  2  25 0  11 24 0  0  15 0  0  4  18 0  19 20 0  10 1  8  0
0  18 0  2  0  23 0  4  0  19 0  22 14 12 0  16 0  8  0  1  0  20 0  15 0
