p cnf 500 3000101 0
-101 102 103 0
-102 101 0
-103 101 0
-102 104 0
-102 105 0
-104 -105 102 0
-104 1 0
-1 104 0
-105 106 0
-105 107 0
-106 -107 105 0
-106 2 0
-2 106 0
-107 108 0
-107 109 0
-108 -109 107 0
-108 3 0
-3 108 0
-109 110 0
-109 111 0
-110 -111 109 0
-110 4 0
-4 110 0
-111 112 0
-111 113 0
-112 -113 111 0
-112 5 0
-5 112 0
-113 114 0
-113 115 0
-114 -115 113 0
-114 6 0
-6 114 0
-115 116 0
-115 117 0
-116 -117 115 0
-116 7 0
-7 116 0
-117 118 0
-117 119 0
-118 -119 117 0
-118 8 0
-8 118 0
-119 120 0
-119 121 0
-120 -121 119 0
-120 9 0
-9 120 0
-121 122 0
-121 123 0
-122 -123 121 0
-122 10 0
-10 122 0
-123 124 0
-123 125 0
-124 -125 123 0
-124 11 0
-11 124 0
-125 126 0
-125 127 0
-126 -127 125 0
-126 12 0
-12 126 0
-127 128 0
-127 129 0
-128 -129 127 0
-128 13 0
-13 128 0
-129 130 0
-129 131 0
-130 -131 129 0
-130 14 0
-14 130 0
-131 132 0
-131 133 0
-132 -133 131 0
-132 15 0
-15 132 0
-133 134 0
-133 135 0
-134 -135 133 0
-134 16 0
-16 134 0
-135 136 0
-135 137 0
-136 -137 135 0
-136 17 0
-17 136 0
-137 138 0
-137 139 0
-138 -139 137 0
-138 18 0
-18 138 0
-139 140 0
-139 141 0
-140 -141 139 0
-140 19 0
-19 140 0
-141 142 0
-141 143 0
-142 -143 141 0
-142 20 0
-20 142 0
-143 144 0
-143 145 0
-144 -145 143 0
-144 21 0
-21 144 0
-145 146 0
-145 147 0
-146 -147 145 0
-146 22 0
-22 146 0
-147 148 0
-147 149 0
-148 -149 147 0
-148 23 0
-23 148 0
-149 150 0
-149 151 0
-150 -151 149 0
-150 24 0
-24 150 0
-151 152 0
-151 153 0
-152 -153 151 0
-152 25 0
-25 152 0
-153 154 0
-153 155 0
-154 -155 153 0
-154 26 0
-26 154 0
-155 156 0
-155 157 0
-156 -157 155 0
-156 27 0
-27 156 0
-157 158 0
-157 159 0
-158 -159 157 0
-158 28 0
-28 158 0
-159 160 0
-159 161 0
-160 -161 159 0
-160 29 0
-29 160 0
-161 162 0
-161 163 0
-162 -163 161 0
-162 30 0
-30 162 0
-163 164 0
-163 165 0
-164 -165 163 0
-164 31 0
-31 164 0
-165 166 0
-165 167 0
-166 -167 165 0
-166 32 0
-32 166 0
-167 168 0
-167 169 0
-168 -169 167 0
-168 33 0
-33 168 0
-169 170 0
-169 171 0
-170 -171 169 0
-170 34 0
-34 170 0
-171 172 0
-171 173 0
-172 -173 171 0
-172 35 0
-35 172 0
-173 174 0
-173 175 0
-174 -175 173 0
-174 36 0
-36 174 0
-175 176 0
-175 177 0
-176 -177 175 0
-176 37 0
-37 176 0
-177 178 0
-177 179 0
-178 -179 177 0
-178 38 0
-38 178 0
-179 180 0
-179 181 0
-180 -181 179 0
-180 39 0
-39 180 0
-181 182 0
-181 183 0
-182 -183 181 0
-182 40 0
-40 182 0
-183 184 0
-183 185 0
-184 -185 183 0
-184 41 0
-41 184 0
-185 186 0
-185 187 0
-186 -187 185 0
-186 42 0
-42 186 0
-187 188 0
-187 189 0
-188 -189 187 0
-188 43 0
-43 188 0
-189 190 0
-189 191 0
-190 -191 189 0
-190 44 0
-44 190 0
-191 192 0
-191 193 0
-192 -193 191 0
-192 45 0
-45 192 0
-193 194 0
-193 195 0
-194 -195 193 0
-194 46 0
-46 194 0
-195 196 0
-195 197 0
-196 -197 195 0
-196 47 0
-47 196 0
-197 198 0
-197 199 0
-198 -199 197 0
-198 48 0
-48 198 0
-199 200 0
-199 201 0
-200 -201 199 0
-200 49 0
-49 200 0
-201 50 0
-50 201 0
-103 202 0
-103 203 0
-202 -203 103 0
-202 51 0
-51 202 0
-203 204 0
-203 205 0
-204 -205 203 0
-204 52 0
-52 204 0
-205 206 0
-205 207 0
-206 -207 205 0
-206 53 0
-53 206 0
-207 208 0
-207 209 0
-208 -209 207 0
-208 54 0
-54 208 0
-209 210 0
-209 211 0
-210 -211 209 0
-210 55 0
-55 210 0
-211 212 0
-211 213 0
-212 -213 211 0
-212 56 0
-56 212 0
-213 214 0
-213 215 0
-214 -215 213 0
-214 57 0
-57 214 0
-215 216 0
-215 217 0
-216 -217 215 0
-216 58 0
-58 216 0
-217 218 0
-217 219 0
-218 -219 217 0
-218 59 0
-59 218 0
-219 220 0
-219 221 0
-220 -221 219 0
-220 60 0
-60 220 0
-221 222 0
-221 223 0
-222 -223 221 0
-222 61 0
-61 222 0
-223 224 0
-223 225 0
-224 -225 223 0
-224 62 0
-62 224 0
-225 226 0
-225 227 0
-226 -227 225 0
-226 63 0
-63 226 0
-227 228 0
-227 229 0
-228 -229 227 0
-228 64 0
-64 228 0
-229 230 0
-229 231 0
-230 -231 229 0
-230 65 0
-65 230 0
-231 232 0
-231 233 0
-232 -233 231 0
-232 66 0
-66 232 0
-233 234 0
-233 235 0
-234 -235 233 0
-234 67 0
-67 234 0
-235 236 0
-235 237 0
-236 -237 235 0
-236 68 0
-68 236 0
-237 238 0
-237 239 0
-238 -239 237 0
-238 69 0
-69 238 0
-239 240 0
-239 241 0
-240 -241 239 0
-240 70 0
-70 240 0
-241 242 0
-241 243 0
-242 -243 241 0
-242 71 0
-71 242 0
-243 244 0
-243 245 0
-244 -245 243 0
-244 72 0
-72 244 0
-245 246 0
-245 247 0
-246 -247 245 0
-246 73 0
-73 246 0
-247 248 0
-247 249 0
-248 -249 247 0
-248 74 0
-74 248 0
-249 250 0
-249 251 0
-250 -251 249 0
-250 75 0
-75 250 0
-251 252 0
-251 253 0
-252 -253 251 0
-252 76 0
-76 252 0
-253 254 0
-253 255 0
-254 -255 253 0
-254 77 0
-77 254 0
-255 256 0
-255 257 0
-256 -257 255 0
-256 78 0
-78 256 0
-257 258 0
-257 259 0
-258 -259 257 0
-258 79 0
-79 258 0
-259 260 0
-259 261 0
-260 -261 259 0
-260 80 0
-80 260 0
-261 262 0
-261 263 0
-262 -263 261 0
-262 81 0
-81 262 0
-263 264 0
-263 265 0
-264 -265 263 0
-264 82 0
-82 264 0
-265 266 0
-265 267 0
-266 -267 265 0
-266 83 0
-83 266 0
-267 268 0
-267 269 0
-268 -269 267 0
-268 84 0
-84 268 0
-269 270 0
-269 271 0
-270 -271 269 0
-270 85 0
-85 270 0
-271 272 0
-271 273 0
-272 -273 271 0
-272 86 0
-86 272 0
-273 274 0
-273 275 0
-274 -275 273 0
-274 87 0
-87 274 0
-275 276 0
-275 277 0
-276 -277 275 0
-276 88 0
-88 276 0
-277 278 0
-277 279 0
-278 -279 277 0
-278 89 0
-89 278 0
-279 280 0
-279 281 0
-280 -281 279 0
-280 90 0
-90 280 0
-281 282 0
-281 283 0
-282 -283 281 0
-282 91 0
-91 282 0
-283 284 0
-283 285 0
-284 -285 283 0
-284 92 0
-92 284 0
-285 286 0
-285 287 0
-286 -287 285 0
-286 93 0
-93 286 0
-287 288 0
-287 289 0
-288 -289 287 0
-288 94 0
-94 288 0
-289 290 0
-289 291 0
-290 -291 289 0
-290 95 0
-95 290 0
-291 292 0
-291 293 0
-292 -293 291 0
-292 96 0
-96 292 0
-293 294 0
-293 295 0
-294 -295 293 0
-294 97 0
-97 294 0
-295 296 0
-295 297 0
-296 -297 295 0
-296 98 0
-98 296 0
-297 298 0
-297 299 0
-298 -299 297 0
-298 99 0
-99 298 0
-299 100 0
-100 299 0
